January: 10675.451612903225
February: 9390.75
March: 9480.258064516129
April: 10152.033333333333
May: 9331.967741935483
June: 10228.7
July: 10262.677419354839
August: 9833.387096774193
September: 10479.533333333333
October: 10696.709677419354
November: 10706.866666666667
December: 10968.225806451614
